Experiment 1: I=2 J=2 C=500 A=500
Problem: 


Supply:  [297, 269]
Demand:  [383, 183]
Costs:  [[334, 359], [289, 116]]

Solver 1: 
Status:  Optimal
Objective:  145280.0
Solve Time:  0.048719167709350586
Solution: 
[[297.0, 0.0], [86.0, 183.0]]


Solver 2: 
Status:  Optimal
Objective:  145280.0
Solve Time:  0.0012722015380859375
Solution: 
[297.   0.  86. 183.]


Experiment 2: I=5 J=5 C=500 A=500
Problem: 


Supply:  [498, 499, 493, 476, 268]
Demand:  [498, 477, 498, 411, 350]
Costs:  [[398, 243, 398, 138, 253], [271, 193, 424, 324, 56], [145, 135, 69, 167, 361], [149, 457, 157, 457, 227], [283, 274, 310, 490, 251]]

Solver 1: 
Status:  Optimal
Objective:  304872.0
Solve Time:  0.04748797416687012
Solution: 
[[0.0, 87.0, 0.0, 411.0, 0.0], [0.0, 149.0, 0.0, 0.0, 350.0], [0.0, 0.0, 493.0, 0.0, 0.0], [471.0, 0.0, 5.0, 0.0, 0.0], [27.0, 241.0, 0.0, 0.0, 0.0]]


Solver 2: 
Status:  Optimal
Objective:  304872.0
Solve Time:  0.0030782222747802734
Solution: 
[  0.  87.   0. 411.   0.   0. 149.   0.   0. 350.   0.   0. 493.   0.
   0. 471.   0.   5.   0.   0.  27. 241.   0.   0.   0.]


Experiment 3: I=20 J=20 C=500 A=500
Problem: 


Supply:  [500, 500, 500, 500, 500, 500, 500, 500, 500, 500, 497, 499, 500, 500, 494, 478, 490, 448, 417, 92]
Demand:  [500, 500, 500, 500, 500, 500, 500, 500, 500, 500, 500, 500, 500, 500, 494, 499, 460, 440, 272, 250]
Costs:  [[427, 6, 331, 476, 23, 75, 149, 356, 362, 469, 106, 475, 166, 356, 354, 451, 414, 206, 494, 104], [281, 163, 315, 241, 222, 199, 487, 196, 202, 359, 203, 387, 334, 9, 162, 417, 352, 207, 25, 406], [20, 352, 85, 128, 27, 418, 380, 212, 448, 264, 491, 229, 428, 243, 410, 315, 382, 267, 483, 243], [155, 107, 472, 137, 183, 123, 350, 408, 168, 195, 83, 169, 383, 126, 349, 54, 452, 10, 174, 418], [103, 475, 13, 91, 377, 494, 354, 199, 283, 196, 113, 348, 375, 102, 222, 232, 314, 209, 423, 0], [125, 199, 70, 374, 198, 20, 32, 268, 125, 75, 30, 376, 417, 284, 59, 401, 231, 236, 240, 342], [231, 34, 51, 121, 467, 295, 131, 229, 233, 488, 276, 47, 215, 376, 232, 413, 489, 72, 411, 174], [350, 399, 262, 400, 219, 343, 399, 72, 178, 282, 420, 96, 69, 296, 202, 96, 165, 122, 404, 249], [126, 115, 92, 102, 235, 265, 95, 382, 279, 435, 403, 303, 484, 492, 346, 477, 39, 330, 324, 58], [413, 419, 283, 19, 125, 499, 101, 119, 272, 44, 212, 267, 465, 75, 478, 97, 214, 380, 73, 161], [402, 451, 176, 99, 26, 2, 68, 485, 263, 347, 445, 246, 233, 19, 141, 321, 101, 122, 84, 268], [349, 78, 229, 499, 68, 368, 397, 427, 306, 18, 321, 193, 452, 466, 171, 341, 258, 492, 153, 44], [440, 201, 146, 372, 280, 413, 161, 434, 172, 405, 25, 92, 451, 156, 177, 417, 182, 169, 246, 489], [152, 348, 105, 438, 414, 487, 65, 108, 222, 205, 104, 354, 496, 224, 158, 113, 408, 479, 206, 277], [421, 286, 335, 359, 431, 322, 430, 439, 186, 244, 484, 190, 284, 270, 489, 468, 320, 1, 98, 403], [392, 358, 221, 395, 445, 206, 445, 449, 368, 131, 288, 459, 122, 364, 67, 289, 297, 172, 96, 151], [191, 256, 410, 487, 230, 392, 166, 144, 136, 112, 412, 250, 83, 303, 233, 339, 245, 0, 376, 59], [422, 98, 239, 58, 263, 40, 105, 1, 303, 452, 212, 331, 107, 97, 500, 174, 76, 250, 342, 384], [225, 416, 313, 123, 457, 431, 346, 375, 482, 363, 500, 261, 362, 168, 382, 196, 75, 407, 259, 169], [6, 101, 50, 100, 491, 262, 185, 273, 438, 377, 397, 23, 21, 242, 115, 286, 155, 425, 278, 309]]

Solver 1: 
Status:  Optimal
Objective:  379559.0
Solve Time:  0.023648977279663086
Solution: 
[[0.0, 500.0, 0.0, 0.0, 0.0, 0.0, 0.0, 0.0, 0.0, 0.0, 0.0, 0.0, 0.0, 0.0, 0.0, 0.0, 0.0, 0.0, 0.0, 0.0], [0.0, 0.0, 0.0, 0.0, 0.0, 0.0, 0.0, 0.0, 0.0, 0.0, 0.0, 0.0, 0.0, 436.0, 0.0, 0.0, 0.0, 0.0, 64.0, 0.0], [408.0, 0.0, 0.0, 0.0, 92.0, 0.0, 0.0, 0.0, 0.0, 0.0, 0.0, 0.0, 0.0, 0.0, 0.0, 0.0, 0.0, 0.0, 0.0, 0.0], [0.0, 0.0, 0.0, 0.0, 0.0, 0.0, 0.0, 0.0, 1.0, 0.0, 0.0, 0.0, 0.0, 0.0, 0.0, 499.0, 0.0, 0.0, 0.0, 0.0], [0.0, 0.0, 500.0, 0.0, 0.0, 0.0, 0.0, 0.0, 0.0, 0.0, 0.0, 0.0, 0.0, 0.0, 0.0, 0.0, 0.0, 0.0, 0.0, 0.0], [0.0, 0.0, 0.0, 0.0, 0.0, 475.0, 0.0, 0.0, 9.0, 0.0, 0.0, 0.0, 0.0, 0.0, 16.0, 0.0, 0.0, 0.0, 0.0, 0.0], [0.0, 0.0, 0.0, 0.0, 0.0, 0.0, 0.0, 0.0, 0.0, 0.0, 0.0, 500.0, 0.0, 0.0, 0.0, 0.0, 0.0, 0.0, 0.0, 0.0], [0.0, 0.0, 0.0, 0.0, 0.0, 0.0, 0.0, 0.0, 0.0, 0.0, 0.0, 0.0, 500.0, 0.0, 0.0, 0.0, 0.0, 0.0, 0.0, 0.0], [0.0, 0.0, 0.0, 0.0, 0.0, 0.0, 52.0, 0.0, 0.0, 0.0, 0.0, 0.0, 0.0, 0.0, 0.0, 0.0, 198.0, 0.0, 0.0, 250.0], [0.0, 0.0, 0.0, 345.0, 0.0, 0.0, 0.0, 0.0, 0.0, 1.0, 0.0, 0.0, 0.0, 0.0, 0.0, 0.0, 0.0, 0.0, 154.0, 0.0], [0.0, 0.0, 0.0, 0.0, 408.0, 25.0, 0.0, 0.0, 0.0, 0.0, 0.0, 0.0, 0.0, 64.0, 0.0, 0.0, 0.0, 0.0, 0.0, 0.0], [0.0, 0.0, 0.0, 0.0, 0.0, 0.0, 0.0, 0.0, 0.0, 499.0, 0.0, 0.0, 0.0, 0.0, 0.0, 0.0, 0.0, 0.0, 0.0, 0.0], [0.0, 0.0, 0.0, 0.0, 0.0, 0.0, 0.0, 0.0, 0.0, 0.0, 500.0, 0.0, 0.0, 0.0, 0.0, 0.0, 0.0, 0.0, 0.0, 0.0], [0.0, 0.0, 0.0, 0.0, 0.0, 0.0, 448.0, 52.0, 0.0, 0.0, 0.0, 0.0, 0.0, 0.0, 0.0, 0.0, 0.0, 0.0, 0.0, 0.0], [0.0, 0.0, 0.0, 0.0, 0.0, 0.0, 0.0, 0.0, 0.0, 0.0, 0.0, 0.0, 0.0, 0.0, 0.0, 0.0, 0.0, 440.0, 54.0, 0.0], [0.0, 0.0, 0.0, 0.0, 0.0, 0.0, 0.0, 0.0, 0.0, 0.0, 0.0, 0.0, 0.0, 0.0, 478.0, 0.0, 0.0, 0.0, 0.0, 0.0], [0.0, 0.0, 0.0, 0.0, 0.0, 0.0, 0.0, 0.0, 490.0, 0.0, 0.0, 0.0, 0.0, 0.0, 0.0, 0.0, 0.0, 0.0, 0.0, 0.0], [0.0, 0.0, 0.0, 0.0, 0.0, 0.0, 0.0, 448.0, 0.0, 0.0, 0.0, 0.0, 0.0, 0.0, 0.0, 0.0, 0.0, 0.0, 0.0, 0.0], [0.0, 0.0, 0.0, 155.0, 0.0, 0.0, 0.0, 0.0, 0.0, 0.0, 0.0, 0.0, 0.0, 0.0, 0.0, 0.0, 262.0, 0.0, 0.0, 0.0], [92.0, 0.0, 0.0, 0.0, 0.0, 0.0, 0.0, 0.0, 0.0, 0.0, 0.0, 0.0, 0.0, 0.0, 0.0, 0.0, 0.0, 0.0, 0.0, 0.0]]

Solver 2: 
Status:  Optimal
Objective:  379559.0
Solve Time:  0.027798175811767578
Solution: 
[  0. 500.   0.   0.   0.   0.   0.   0.   0.   0.   0.   0.   0.   0.
   0.   0.   0.   0.   0.   0.   0.   0.   0.   0.   0.   0.   0.   0.
   0.   0.   0.   0.   0. 436.   0.   0.   0.   0.  64.   0. 408.   0.
   0.   0.  92.   0.   0.   0.   0.   0.   0.   0.   0.   0.   0.   0.
   0.   0.   0.   0.   0.   0.   0.   0.   0.   0.   0.   0.   1.   0.
   0.   0.   0.   0.   0. 499.   0.   0.   0.   0.   0.   0. 500.   0.
   0.   0.   0.   0.   0.   0.   0.   0.   0.   0.   0.   0.   0.   0.
   0.   0.   0.   0.   0.   0.   0. 475.   0.   0.   9.   0.   0.   0.
   0.   0.  16.   0.   0.   0.   0.   0.   0.   0.   0.   0.   0.   0.
   0.   0.   0.   0.   0. 500.   0.   0.   0.   0.   0.   0.   0.   0.
   0.   0.   0.   0.   0.   0.   0.   0.   0.   0.   0.   0. 500.   0.
   0.   0.   0.   0.   0.   0.   0.   0.   0.   0.   0.   0.  52.   0.
   0.   0.   0.   0.   0.   0.   0.   0. 198.   0.   0. 250.   0.   0.
   0. 345.   0.   0.   0.   0.   0.   1.   0.   0.   0.   0.   0.   0.
   0.   0. 154.   0.   0.   0.   0.   0. 408.  25.   0.   0.   0.   0.
   0.   0.   0.  64.   0.   0.   0.   0.   0.   0.   0.   0.   0.   0.
   0.   0.   0.   0.   0. 499.   0.   0.   0.   0.   0.   0.   0.   0.
   0.   0.   0.   0.   0.   0.   0.   0.   0.   0.   0.   0. 500.   0.
   0.   0.   0.   0.   0.   0.   0.   0.   0.   0.   0.   0.   0.   0.
 448.  52.   0.   0.   0.   0.   0.   0.   0.   0.   0.   0.   0.   0.
   0.   0.   0.   0.   0.   0.   0.   0.   0.   0.   0.   0.   0.   0.
   0.   0.   0. 440.  54.   0.   0.   0.   0.   0.   0.   0.   0.   0.
   0.   0.   0.   0.   0.   0. 478.   0.   0.   0.   0.   0.   0.   0.
   0.   0.   0.   0.   0.   0. 490.   0.   0.   0.   0.   0.   0.   0.
   0.   0.   0.   0.   0.   0.   0.   0.   0.   0.   0. 448.   0.   0.
   0.   0.   0.   0.   0.   0.   0.   0.   0.   0.   0.   0.   0. 155.
   0.   0.   0.   0.   0.   0.   0.   0.   0.   0.   0.   0. 262.   0.
   0.   0.  92.   0.   0.   0.   0.   0.   0.   0.   0.   0.   0.   0.
   0.   0.   0.   0.   0.   0.   0.   0.]